Test | N | M | L | Time(s)
0 | 150000 | 600000 | 100 | 0.11
1 | 200000 | 700000 | 169 | 0.20
2 | 250000 | 800000 | 209 | 0.21
3 | 300000 | 900000 | 238 | 0.26
4 | 350000 | 1000000 | 260 | 0.30
5 | 400000 | 1100000 | 279 | 0.36
6 | 450000 | 1200000 | 294 | 0.41
7 | 500000 | 1300000 | 307 | 0.56
8 | 550000 | 1400000 | 319 | 0.56
9 | 600000 | 1500000 | 330 | 0.61
10 | 650000 | 1600000 | 339 | 0.73
11 | 700000 | 1700000 | 348 | 0.86
12 | 750000 | 1800000 | 356 | 0.79
13 | 800000 | 1900000 | 363 | 0.78
14 | 850000 | 2000000 | 370 | 0.80
15 | 900000 | 2100000 | 377 | 0.90
16 | 950000 | 2200000 | 383 | 0.99
17 | 1000000 | 2300000 | 389 | 1.04
18 | 1050000 | 2400000 | 394 | 1.02
19 | 1100000 | 2500000 | 399 | 1.13
